111447
123786
120249
102735
108684
117225
102177
102096
111843
102636
117486
113022
118008
109440
7956
7965
7974
7983
7992
8001
8010
8019
8028
8037
8046
8055
8064
8073
8082
8091
8100
8109
8118
8127
8136
8145
8154
101358
8199
8208
8217
8226
8235
8244
8253
8262
8271
8280
8289
8298
8307
8316
8325
8334
8343
8352
8361
8370
8379
8388
8397
8406
8415
8424
8433
8442
8451
8460
8469
8478
8487
8496
8505
8514
8523
8532
8541
8550
8559
8568
8577
8586
8595
8604
8613
8622
8631
8640
8649
8658
8667
8676
8685
8694
8703
8712
8721
8730
8739
8748
8757
8766
8775
8784
8793
8802
8811
8820
8829
8838
8847
8856
8865
8874
8883
8892
8901
123696
123822
115695
107514
109413
116010
116019
107838
116046
116109
116118
116136
116154
107964
114939
108180
108855
108954
123300
117243
109062
100872
100953
109206
101088
101142
117540
109386
117630
109467
109656
117981
117990
118035
118053
118062
118089
118098
115263
109953
118152
115272
123498
115308
102051
110259
110340
102150
110376
102195
123534
102483
118899
118971
110781
102609
110871
110907
119133
110943
110961
119160
119178
102798
111060
122904
119358
119376
103005
119430
111438
103257
119664
119673
103293
103311
110385
111951
103770
107433
103941
120546
104211
112590
112626
112662
112698
104508
121095
104733
112932
121140
121185
113013
121221
121284
121347
104967
114723
105255
105300
105318
105390
105417
121824
121869
113679
121887
121896
113715
105579
122076
113976
117306
122436
122571
122634
106281
114579
114588
114597
8163
8172
8181
8190
122976
106632
123066
106722
115299
8910
8919
8928
107235
8937
8946
8955
8973
8982
8991
9000
9009
9018
9027
9036
9045
9054
9063
9072
9081
9090
9099
9108
9117
9126
9135
9144
9153
9162
9171
9180
9189
9198
9207
9216
9225
9234
9243
9252
9270
9279
9288
9297
9306
9315
9324
9333
9342
9351
9360
9369
9378
9396
9405
9414
9423
9432
9441
9450
9459
9468
9477
9486
9495
9504
9513
9522
9531
107847
116064
116127
116145
116172
116199
116235
116334
110880
116550
116649
108459
108801
117117
100836
109143
117522
101232
101349
109611
109629
117972
109836
118107
118134
109944
102015
118476
110286
110349
110466
110619
110646
102654
102744
102825
111348
8964
111177
119565
119700
119763
103491
111852
103806
120231
112050
120285
103914
112122
107460
120492
120582
107487
115704
107523
9261
112977
121230
113157
113211
121851
9387
114525
105687
113895
113913
114048
107757
107766
122526
106209
122697
122778
106659
123345
105894
109404
109422
113571
9540
9549
9558
9567
9576
9585
9594
9603
9612
9621
103833
9630
9639
9648
9657
9666
9675
9684
106092
102078
102141
122706
104778
9
18
27
36
45
54
63
72
81
90
99
108
117
126
135
144
153
162
171
180
189
198
207
216
225
234
243
252
261
270
279
288
297
306
315
324
333
342
351
360
369
378
387
396
405
414
423
432
441
450
459
468
477
486
495
504
513
522
531
540
549
558
567
576
585
594
603
612
621
630
639
648
657
666
675
684
693
702
711
720
729
738
747
756
765
774
783
792
801
810
819
828
837
846
855
864
873
882
891
900
909
918
927
936
945
954
963
972
981
990
999
1008
1017
1026
1035
1044
1053
1062
1071
1080
1089
1098
1107
1116
1125
1134
1143
1152
1161
1170
1179
1188
1197
1206
1215
1224
1233
1242
1251
1260
1269
1278
1287
1296
1305
1314
1323
1332
1341
1350
1359
1368
1377
1386
1395
1404
1413
1422
1431
1440
1449
1458
1467
198099
198198
196875
196884
198315
198333
198342
198369
198396
198423
198486
198504
198522
198531
198729
100692
100719
100728
100737
100746
100764
100818
100863
100926
197046
100935
100998
101061
101133
197199
197217
101988
197244
102321
102375
102420
102438
102456
102510
102564
102690
102717
102969
103014
103032
103095
103140
197415
103302
103347
103392
197478
103545
103554
103698
103725
103752
103779
197550
103959
197559
104148
197595
104247
104274
104292
104328
104427
104472
104517
104607
104616
104643
197667
104814
104850
197712
105021
105075
197739
197748
105183
105210
105264
105273
105381
105444
105480
105561
105633
105642
105651
105705
105768
197865
105876
105885
105939
105957
106083
106272
106407
106416
106425
106497
106542
106578
106587
106641
196686
106929
198063
107244
196704
107361
107424
107442
107496
107541
196713
107748
107775
107784
107793
107883
107991
108108
108117
108189
108414
108432
108657
108693
108729
108792
108999
109188
109251
109269
109314
109359
109458
109512
109539
109548
109863
109872
109926
109989
196794
110052
110205
110277
110475
110538
110763
196821
110853
110889
110988
111150
111303
111321
111330
111762
111942
112005
112077
112383
112401
112464
112734
112851
112860
112923
112986
113094
113121
113139
113166
113184
113220
113580
113607
113616
113643
113697
113769
114012
114084
114102
114129
114138
114147
114156
114165
114174
114183
114192
114201
114210
114219
114228
114237
114246
114255
114264
114273
114282
114291
114300
114309
114318
114327
114336
114345
114354
114363
114372
114381
114390
114399
114435
114444
114471
114624
114705
114741
114822
114867
114903
114912
114966
115173
115200
115227
115290
115380
115416
115479
115560
115569
115587
115632
115785
115794
115803
115812
115821
115830
115839
115848
115857
115866
115875
115884
115893
115902
115911
115920
115929
115938
115947
115956
115965
115974
115983
116163
116190
116271
116451
116469
116667
117054
117126
117189
117234
117252
117261
117387
117450
117459
117531
117657
117666
118431
118530
118620
118692
118809
118890
118926
118944
118989
119124
119196
119205
119277
119448
119475
119493
119538
119619
119655
119718
119736
119790
119853
119880
119889
119898
119907
119916
119925
119934
119943
119952
119961
119970
119979
119988
119997
120006
120015
120024
120033
120042
120051
120060
120069
120078
120114
120177
120276
120393
120402
120429
120600
120636
120690
120762
120780
121167
121176
121194
121266
121590
121653
121761
121788
121797
121941
122094
122175
122184
122445
122472
122490
122544
122589
122670
122724
122733
122805
122868
122895
122931
122967
123039
123102
123129
123174
123408
123435
123507
123552
123606
189144
189198
189297
189333
189342
189351
123831
123849
123858
189405
123912
189567
189720
189729
189774
189783
189855
189873
189882
189909
189945
189972
190098
190107
190134
190224
190305
190323
190350
190386
190440
190467
190476
190503
190530
190656
190701
190719
190854
191097
191142
191205
191340
191358
191385
191565
191619
191628
191646
191655
191682
191727
191736
191781
191916
192204
192456
192492
192537
192582
192870
193221
193428
193455
193590
193824
193842
193914
194076
194112
194130
194148
194202
194247
194391
194490
194535
194544
194607
194625
194643
194697
194715
194724
194814
194823
194868
194895
194949
195039
195066
195138
195219
195408
195444
195462
195543
195642
195651
195813
195858
196209
196245
196263
196308
196317
196380
196398
196533
196560
196596
190539
198738
190566
190602
196857
192807
197010
197055
197100
197181
193122
197271
192294
195309
197487
193437
193473
197604
197640
189495
197703
193653
197802
189621
193770
191745
189792
198018
198036
198045
194049
194121
196200
190071
194292
196362
198450
198468
190278
196443
196488
192411
191079
196731
196740
196758
189864
196839
196650
196065
193140
197028
192186
193149
197235
197388
193158
197469
189900
197496
197505
197568
197622
197631
197676
196803
193356
198009
1476
1485
1494
1503
1512
1521
1530
1539
1548
1557
1566
1575
1584
1593
1602
1611
1620
1629
1638
1647
1656
1665
1674
1683
1692
1701
1710
1719
1728
1737
1746
1755
1764
1773
1782
1791
1800
1809
1818
1827
1836
1845
1854
1863
1872
1881
1890
1899
1908
1917
1926
1935
1944
1953
1962
1971
1980
1989
1998
2007
2016
2025
2034
2043
2052
2061
2070
2079
2088
2097
2106
2115
2124
2133
2142
2151
2160
2169
2178
2187
2196
2205
2214
2223
2232
2241
2250
2259
2268
2277
2286
2295
2304
2313
2322
2331
2340
2349
2358
2367
2376
2385
2394
2403
2412
2421
2430
2439
2448
2457
2466
2475
2484
2493
2502
2511
2520
2529
2538
2547
2556
2565
2574
2583
2592
2601
2610
2619
2628
2637
2646
2655
2664
2673
2682
2691
2700
2709
2718
2727
2736
2745
2763
2772
2781
2790
2808
2817
2826
2835
2844
101151
2853
2862
2871
2880
101187
2889
101196
2898
101205
2916
101223
2925
2934
101241
2943
101250
2952
2970
2979
2988
2997
3006
3015
3024
3033
3042
3051
3060
3069
3078
3087
3096
3105
3114
3123
3132
3141
3150
3159
3168
3177
3186
3195
3204
3213
3222
3231
3240
3249
3258
3267
3276
3285
3294
3303
3312
3321
3330
3339
3348
3357
3366
3375
3384
3393
3402
3411
3420
3429
3438
3447
3456
3465
3474
3483
3492
3501
3510
3519
3528
3537
3546
3555
3564
3573
3582
3591
3600
3609
3618
3627
3636
3645
3654
3663
3672
3681
3690
3699
3708
3717
3726
3735
3744
3753
3762
3771
3780
3789
3798
3807
3816
3825
3834
3843
3852
3861
3870
3879
3888
3897
3906
3915
3924
3933
3942
3951
3960
3969
3978
3987
3996
4005
4014
4023
4032
4041
4050
4059
4068
4077
4086
4095
4104
4113
4122
102429
4131
4140
4149
4185
4203
4212
4221
4239
4257
4266
4275
102582
4284
4293
4302
4311
4320
4338
4347
4356
4365
4374
4383
4392
4401
4410
4419
4428
102762
102807
102861
102888
193284
102987
102996
103023
103077
103104
103167
103194
103239
103248
103266
103275
103284
103338
103356
191853
103383
103410
103419
103437
103455
103464
103536
103689
103707
103734
192132
196002
103788
103797
192222
103824
103842
103860
103878
195498
103896
103905
103986
104004
104013
104022
104031
104040
104058
104067
104076
104085
104094
104103
104112
104121
104130
104166
104184
104220
104229
104283
104301
104310
104418
104499
104526
193338
104634
104652
104670
104706
190989
191862
104751
104787
196227
104841
104859
104895
104958
105030
105102
105192
105291
105309
105462
105489
193374
194310
105678
105696
105741
197325
105840
105867
193095
105903
105912
105930
105966
105975
106011
106029
106110
106137
106182
106200
106236
106308
106371
106389
106398
106434
106596
106614
106758
192312
106794
106812
106857
106875
192627
198207
193419
107271
107280
196029
198108
107307
198378
107370
107397
194967
107478
107505
198144
107550
107568
107577
107586
107622
107631
107640
107676
107739
107856
107874
107892
107919
107973
108018
194931
108054
198234
108072
108090
108135
108144
108171
198270
108423
108567
108576
108585
108603
108612
194805
108702
108720
108774
108810
108846
108882
108891
108909
108981
109053
109071
109080
109089
109134
109161
109323
109332
109368
109377
109449
109530
109593
109647
109665
109674
109683
109692
109701
109710
109719
109728
109737
109746
109755
109764
109773
109782
109791
109800
109809
109827
196011
109899
189153
109962
110025
110097
110115
193131
110214
110232
110313
110322
110367
193167
110430
193176
110484
110493
193185
110583
110601
110664
110700
110790
110799
110808
193212
111051
111087
111141
111186
190287
111249
111285
111339
111366
111375
193329
111402
111456
193347
193365
111672
111681
111690
111699
111717
111726
111735
111744
111753
111771
111780
111789
111798
111807
111816
111825
111834
111861
196056
111897
111978
112086
195201
189225
112113
112131
197955
197811
193311
112392
112428
191907
112446
112509
100683
112581
112608
112635
112653
112770
112779
112833
112905
189252
112941
113004
100755
100782
100809
100827
113445
113625
113760
113787
113796
100890
113832
113868
113877
113922
113931
113949
114021
114030
191475
193671
100989
114453
114507
114516
114633
114669
114678
101034
114687
114732
114759
2754
193239
114894
114921
114957
114993
115002
196020
2799
115155
115164
115182
115317
115353
115362
115461
115506
115515
115533
115542
115596
115605
115686
115713
115722
2907
115758
194058
195894
2961
198477
101286
193248
116289
116478
116496
116523
191538
116568
116613
196470
116658
116676
101430
117072
117081
117090
117108
117153
117162
117216
193761
194328
117396
194337
117504
117639
117684
117720
118197
118206
195975
118215
118242
118251
118260
118287
118296
118305
118332
118395
118449
118485
189801
118593
118629
118638
118647
118665
118701
118737
118818
118845
118854
193266
118953
197091
189135
119043
119061
119088
119106
119223
119232
119241
119349
119385
119412
119457
119511
119547
119592
101853
119628
119727
119808
119835
101898
190575
101916
101934
120096
196038
120105
101943
120141
120186
101952
120195
120267
193275
196047
190593
120447
120456
101997
120474
120510
102006
120537
120564
120645
120654
120663
120726
102042
198693
189279
102087
121050
121077
102105
121149
191709
121320
121338
121572
121635
121671
121806
121833
121968
102249
195093
195237
121995
122022
102258
195102
122067
122085
195111
122103
102276
122157
193230
122229
122238
122247
122256
122265
122274
122283
122292
122301
122310
122319
122328
122337
122346
102312
122355
122364
122373
122382
122391
122400
122409
122418
122427
122454
122463
122535
122562
102348
122580
122652
122661
122679
122769
122877
122913
122940
122949
123021
123075
123120
123138
123228
123237
123246
4158
123264
4167
123327
123336
4176
123372
123381
195327
193293
4194
123516
123525
123615
123624
123678
4230
123687
123705
189306
4248
189360
192987
123867
123876
189477
189522
189531
189540
196218
189594
189603
189981
189630
189648
189666
4329
102663
102672
190431
197289
190125
190521
190548
190710
190737
190809
190845
190863
193257
198414
192114
191673
189693
191934
192015
192033
192051
197343
192420
195921
193320
195948
192681
195966
192789
195984
192438
192888
195993
192924
197946
192978
192996
193005
193014
193023
193041
194103
193068
193077
193086
193104
193383
193401
193410
196083
193464
193527
193572
189756
193032
193833
189837
198495
196164
197406
193959
194004
194013
194418
193059
197424
194517
194571
195012
195030
195048
190890
195957
195336
195426
197928
195597
195624
193302
191007
195840
195903
195912
195930
195939
193113
196371
196416
196452
196587
193050
4437
4446
4455
4464
4473
4482
4491
4500
4509
4518
4527
4536
4545
4554
4563
4572
4581
4590
4599
4608
4617
4626
4635
4644
4653
4662
4671
4680
4689
4698
4707
4716
4725
4734
4743
4752
4761
4770
4779
4788
4797
4806
4815
4824
4833
4842
4851
4860
4869
4878
4887
4896
4914
4923
4932
4941
4950
4959
4968
4977
4986
4995
5004
5013
5022
5040
5049
5058
5067
5076
5085
5094
5112
5130
5157
5175
5184
5193
5202
5211
5220
5229
5238
5247
5256
5265
5274
5283
5292
5301
5310
5319
5328
5337
5346
5355
5364
5373
5382
5391
5400
5409
5418
5427
5436
5445
5454
5463
5472
5481
5490
5499
5508
5517
5526
5535
5544
5553
5562
5571
5580
5589
5598
5607
5616
5625
5634
5643
5652
5661
5670
5679
5688
5697
5706
5715
5724
5733
5742
5751
5760
5769
5778
5787
5796
5805
5814
5823
5832
5841
5850
5859
5868
5877
5886
5895
5904
5913
5922
5931
5940
5949
5958
5967
5976
5985
5994
6003
6012
6021
6057
6075
6093
6102
6120
6129
6138
6147
6156
6174
6183
6210
6219
6228
6246
6255
6264
6273
6282
6291
6300
6309
6318
6327
6336
6345
6354
6363
6372
6381
6390
6399
6408
6417
6426
6435
6444
6453
6462
6471
6480
6489
6498
6507
6516
6525
6534
6543
6552
6561
6570
6579
6588
6597
6606
6615
6624
6633
6642
6651
6660
6669
6678
6687
6696
6705
6714
6723
6732
6741
6750
6759
6768
6777
6786
6795
6804
6813
6822
6831
6840
6849
6858
6867
6876
6885
6894
6903
6912
6921
6930
6939
6948
6957
6966
6975
6984
6993
7002
7011
7020
7029
7038
7047
7056
7065
7074
7083
7092
7101
7110
7119
7128
7137
7146
7155
7164
7173
7182
7191
7200
7209
7218
7227
7236
7245
7254
7263
7272
7281
7299
7308
7317
7326
7335
7344
4905
5031
5103
5121
5139
5148
5166
6030
6039
6048
6066
6084
6111
6165
6192
6201
6237
7290
189162
189189
189216
189261
189423
189441
189450
189549
189558
189711
189765
189819
189846
189891
189918
189936
189954
189963
190008
190044
190053
190116
190170
190179
190188
190242
190251
190260
190368
190458
190494
190512
190584
190638
190674
190692
190728
190773
190818
190872
190881
190908
190935
190953
190971
191133
191160
191187
191196
191268
191277
191286
191304
191367
191376
191403
191421
191430
191439
191448
191457
191466
191484
191493
191547
191556
191664
191691
191763
191817
191835
191844
191898
192006
192024
192060
192078
192123
192150
192168
192213
192240
192276
192330
192348
192366
192393
192429
192447
192465
192483
192501
192519
192555
192564
192600
192609
192636
192690
192717
192735
192771
192780
192798
192816
192825
192843
192852
192861
192906
192915
193194
193203
193518
193545
193554
193617
193644
193725
193779
193860
193977
194040
194139
194166
194184
194211
194229
194283
194301
194355
194373
194382
194400
194409
194436
194481
194508
194562
194589
194652
194661
194670
194760
194778
194787
194850
194859
194904
194913
194994
195057
195075
195129
195264
195282
195291
195318
195354
195363
195390
195480
195552
195588
195669
195741
195759
195777
195822
196074
196092
196101
196173
196182
196290
196353
196389
196407
196425
196506
196542
196578
196605
196614
196623
196659
196722
196776
196830
196929
196947
196983
196992
197073
197109
197154
197163
197226
197253
197361
197379
197433
197514
197523
197532
197541
197649
197694
197721
197820
198000
198126
198153
198216
198252
198261
198297
198441
198459
198540
198585
198594
198603
198612
198621
198675
198711
198720
100710
100773
100791
100908
100980
101007
101052
101079
101097
101106
101124
101169
101295
101313
101322
101331
101340
101376
101385
101439
101448
101457
101466
101475
101484
101493
101502
101511
101520
101529
101538
101547
101556
101565
101574
101583
101592
101601
101610
101619
101628
101637
101646
101655
101664
101673
101682
101907
101961
102069
102159
102213
102231
102240
102330
102339
102366
102411
102465
102474
102528
102555
102573
102591
102618
102627
102852
102879
102897
102942
102951
102960
103086
103113
103203
103221
103230
103329
103365
103374
103446
103473
103518
103527
103563
103590
103599
103653
103671
103968
104175
104202
104256
104337
104346
104355
104364
104373
104391
104400
104463
104490
104535
104562
104580
104589
104598
104697
104715
104868
104922
104931
104994
105048
105066
105129
105156
105201
105219
105237
105246
105327
105336
105435
105471
105498
105507
105588
105615
105660
105669
105732
105786
105804
105813
105822
105831
105993
106038
106056
106101
106191
106254
106263
106299
106362
106452
106461
106479
106506
106623
106686
106713
106731
106767
106803
106821
106830
106839
106866
106893
106902
106911
106920
106947
106956
106965
106974
106983
106992
107001
107010
107019
107028
107037
107046
107055
107064
107073
107082
107091
107100
107109
107118
107127
107136
107145
107154
107163
107172
107181
107190
107199
107208
107217
107226
107253
107334
107406
107415
107469
107532
107595
107604
107649
107721
107730
107802
107820
107910
107982
108027
108045
108081
108099
108126
108198
108207
108216
108225
108234
108243
108252
108261
108270
108279
108288
108297
108306
108315
108324
108333
108342
108351
108360
108369
108378
108387
108396
108405
108450
108486
108504
108531
108549
108558
108765
108783
108828
108837
108873
108927
108945
108972
108990
109008
109026
109035
109044
109107
109116
109170
109179
109197
109260
109278
109503
109557
109566
109575
109584
109620
109845
110043
110070
110088
110124
110160
110187
110196
110223
110241
110250
110268
110394
110457
110502
110547
110556
110565
110574
110610
110637
110655
110682
110709
110718
110727
110736
110835
110862
110898
110925
110934
110952
110979
111069
111078
111096
111105
111123
111132
111159
111168
111213
111294
111312
111384
111393
111411
111429
111906
111933
111996
112068
112419
112455
112491
112527
112572
112599
112707
112716
112752
112761
112788
112806
112824
112842
112878
112896
112914
112950
113031
113049
113085
113202
113229
113238
113247
113256
113265
113274
113283
113292
113301
113310
113319
113328
113337
113346
113355
113364
113373
113382
113391
113400
113409
113418
113427
113436
113454
113463
113472
113481
113490
113517
113526
113634
113670
113706
113724
113733
113751
113805
113814
113886
113904
113967
114093
114417
114462
114498
114552
114606
114642
114651
114696
114795
114813
114831
114840
114858
114876
114885
115191
115209
115236
115335
115344
115371
115389
115398
115443
115470
115488
115497
115524
115551
115623
115650
116226
116253
116316
116343
116352
116370
116379
116388
116406
116415
116460
116514
116532
116577
116685
116694
116703
116721
116730
116739
116748
116757
116766
116775
116784
116793
116802
116811
116820
116829
116838
116847
116856
116865
116874
116883
116892
116901
116910
116919
116928
116937
116946
116955
116964
116973
116982
116991
117000
117009
117018
117027
117036
117045
117099
117135
117144
117207
117270
117279
117288
117324
117333
117369
117423
117432
117468
117495
117558
117594
117603
117675
117702
118170
118314
118341
118404
118467
118512
118539
118548
118557
118566
118611
118656
118683
118710
118728
118746
118782
118791
118827
118863
118998
119007
119034
119052
119079
119115
119268
119313
119322
119367
119403
119439
119466
119502
119520
119529
119556
119574
119601
119610
119637
119646
119772
119781
119799
119826
120087
120123
120132
120150
120159
120168
120204
120213
120222
120240
120258
120294
120312
120339
120357
120384
120411
120420
120438
120501
120519
120573
120627
120672
120681
120771
120789
120798
120807
120816
120825
120834
120843
120852
120861
120870
120879
120888
120897
120906
120915
121203
121212
121248
121257
121275
121293
121302
121311
121329
121365
121374
121383
121392
121401
121410
121419
121428
121437
121446
121455
121464
121473
121482
121491
121500
121509
121518
121527
121536
121545
121554
121563
121617
121626
121662
121680
121689
121707
121770
121842
121860
121959
121977
122013
122040
122049
122121
122130
122193
122202
122598
122616
122625
122643
122715
122742
122796
122832
122859
122886
122922
122958
122985
123084
123093
123147
123165
123201
123219
123255
123291
123318
123354
123363
123426
123462
123471
123489
123588
123714
123732
123741
123759
123795
123804
123885
106560
114777
106605
114849
123111
123750
115578
115614
115677
115749
117612
102600
116001
107865
116082
9693
108000
9702
9711
9720
9729
9738
9747
9756
116262
9774
9783
9792
9801
9810
9819
9828
116325
9837
9846
9864
9873
9882
9891
9900
116397
9909
9918
9927
9936
9945
9954
9963
9972
9855
9981
9990
116487
9999
10008
10017
10026
10035
10044
10053
10062
10071
10080
10089
116712
108918
109017
100854
117477
117549
10098
109854
118125
109935
118143
110061
110295
110331
102168
110439
118836
102492
118881
119025
102699
119142
119304
103041
103050
111267
103635
112023
103923
112140
120609
104238
104544
112869
121131
9765
113112
113175
105012
105147
105228
113661
121905
122211
106227
114480
103743
122814
114660
7353
7362
7371
7380
7389
7398
7407
7416
7425
7434
7443
7452
7461
7470
7479
7488
7497
7506
7515
7524
7533
7542
7551
7560
7569
7578
7587
7596
7605
7614
7623
7632
7641
7650
7659
7668
7677
7686
7695
7704
7713
7722
7731
7740
7749
7758
7767
7776
7785
7794
7803
7812
7821
7830
7839
7848
7857
7866
7875
7884
7893
7902
7911
7920
7938
7947
7929
189243
189378
190215
190629
190647
190944
190962
190998
191025
191070
191151
191178
191214
191223
191241
191502
192096
192141
192510
192546
192951
192969
193536
193599
193662
193680
193797
193851
193905
193950
193986
194031
194094
194157
194175
194220
194274
194427
194526
194553
194769
194841
194877
194958
194985
195021
195120
195156
195174
195210
195273
195300
195372
195417
195525
195561
195570
195696
195705
195732
195831
195849
195885
196119
196128
196137
196272
196326
196344
196479
196749
196866
196974
197127
197136
197190
197442
197451
197613
197658
197730
197775
197910
197937
198072
198090
198135
198171
198189
198351
198432
198567
100008
100017
100026
100035
100044
100053
100062
100071
100080
100089
100098
100107
100116
100125
100134
100143
100152
100161
100170
100179
100188
100197
100206
100215
100224
100233
100242
100251
100260
100269
100278
100287
100296
100305
100314
100323
100332
100341
100350
100359
100368
100377
100386
100395
100404
100413
100422
100431
100440
100449
100458
100467
100476
100485
100494
100503
100512
100521
100530
100539
100548
100557
100566
100575
100584
100593
100602
100611
100620
100629
100638
100647
100656
100665
100674
101025
101394
101691
101700
101709
101718
101727
101736
101745
101754
101763
101772
101781
101790
101799
101808
101817
101826
101835
101844
101970
102024
102267
102294
102357
102393
102402
102789
102870
102924
103500
103509
103572
103851
103869
103932
103950
104193
104742
104976
105120
105282
105408
105516
105525
105534
106020
106155
106218
106317
106344
106443
106524
106776
107289
107712
108036
108153
108675
108756
109602
109908
110304
110691
110772
111033
111276
111870
112095
112149
112185
112194
112203
112212
112221
112230
112239
112248
112257
112266
112275
112284
112293
112302
112311
112320
112329
112338
112347
112356
112365
112374
112437
113040
113058
113067
113130
113499
113508
113535
113553
113589
113652
114075
114786
114930
115218
115452
115641
115767
116091
116100
116217
116442
116541
116595
117063
117585
117621
118386
118440
118458
118935
118962
119187
120330
120735
121581
121599
121734
122004
122517
122688
122751
122994
123003
123570
123768
123813
106515
106551
114750
114804
106668
123057
106677
114948
122850
118872
123453
123543
123642
107352
115659
107559
107694
115992
107811
116028
116037
107901
107937
107955
108009
116208
108063
121779
109494
116307
108162
116424
10107
10116
10125
10134
10143
10152
10161
10170
108477
10179
10188
10197
10206
10215
10224
10233
108540
10242
10251
10260
10269
10278
10287
10296
10305
10314
10323
10332
10341
10350
10359
10368
10377
10386
10395
10404
10413
10422
10431
10440
10449
10458
10467
10476
10485
10494
10503
10512
10521
10530
10539
10548
10557
10566
10575
10584
10593
10602
10611
10620
10629
10638
10647
10656
10665
10674
10683
10692
10701
10710
10719
10728
109125
120591
117378
109224
109242
109350
101160
117567
117576
109395
109431
117711
101412
116604
118026
116622
118116
118161
101862
101871
118269
118278
110142
110178
105750
122148
118503
110403
118602
102222
110421
118755
118764
102501
118980
110817
119097
110997
111042
119259
119295
102915
102933
111195
111240
103131
119583
111420
119709
119745
119862
119871
103608
108747
111888
121068
103887
120366
104139
121122
120618
112473
104319
120717
112554
104409
104436
112671
112743
104661
121059
104688
104760
121158
102114
104805
104886
113148
105111
105165
121698
105345
100845
105372
121878
121923
105543
121932
113742
113823
105723
122112
113985
105849
121914
122787
105984
122481
106164
122841
106380
114615
196632
196677
196695
197991
196848
196920
196938
196956
196965
197001
197019
197064
197145
197172
197280
197334
189171
197397
197460
189270
189288
189324
189369
197577
197586
189414
189432
189459
189468
189486
189504
197766
189576
189585
197793
189612
197838
197874
197883
197892
189747
197964
197973
189810
198054
198081
198117
189927
189990
198225
190035
198243
190080
198279
190161
198360
190197
190206
198405
190233
190269
190332
190359
198558
190377
198576
190395
190413
198630
198639
190449
190557
190620
190665
190764
190782
190791
190800
190836
190917
190926
190980
191016
191034
191052
191061
191088
191106
191232
191250
191259
191322
191331
191349
191394
191529
191592
191601
191700
191718
191790
191799
191925
191943
191952
191979
191988
192042
192087
192195
192258
192303
192321
192357
192402
192528
192645
192672
198684
192699
192744
192753
192834
192897
192933
192960
193392
193482
193563
193581
193626
193698
193716
193734
193815
193878
193896
193923
193932
193968
194022
194085
194256
194265
194319
194346
194463
194472
194598
194796
194832
194940
194976
195003
195084
195165
195192
195228
195255
195345
195381
195489
195507
195534
195633
195678
195687
195714
195768
195786
195804
196155
197901
196254
196281
196335
196461
196641
196668
196767
196785
196812
196893
196902
196911
198027
197037
197082
197118
197208
197262
197298
197307
197316
197352
197370
189180
189207
189234
189315
189387
189396
197685
189513
197757
197784
197829
189639
189657
197856
189675
189684
189702
189738
197982
189828
198162
198180
189999
190017
190026
190062
190089
198288
190143
190152
190296
190314
198513
190341
198549
190404
198306
190422
198648
198657
198666
190485
198324
190611
198387
190683
190746
190755
197847
190827
190899
191043
191115
191124
191169
191295
191313
191412
191511
191520
191574
191583
191610
191637
191754
191772
191808
191826
191871
191880
191889
191961
191970
191997
192069
192105
192159
192177
192231
192249
192267
192285
192339
192375
192384
192474
192573
192591
192618
192654
192663
192708
192726
192762
198702
192879
192942
193446
193491
193500
193509
193608
193635
193689
193707
193743
193752
193788
193806
193869
193887
193941
193995
194067
194193
194238
194364
194445
194454
194499
194580
194616
194634
194679
194688
194706
194733
194742
194751
194886
194922
195147
195183
195246
195399
195435
195453
195471
195516
195579
195606
195615
195660
195723
195750
195795
195867
195876
196110
196146
196191
196236
197919
196299
196434
196497
196515
196524
196551
196569
10962
13104
109296
11007
11025
11169
109476
109485
11241
11250
11259
11268
11313
100701
100800
100881
100899
100917
100944
100962
100971
101016
101043
101070
101115
101178
101214
101259
101268
101277
104265
101304
101367
101403
101421
109818
101880
101889
101925
102060
102123
102132
102186
102204
109881
109890
102303
102384
102447
102519
102537
102546
102645
102681
11655
102708
102726
102753
102771
102780
102816
102834
102843
102906
110358
102978
110016
103059
103068
103122
103149
103158
103176
103185
103212
103320
103401
110079
103428
103482
110106
103626
103644
103662
103680
103716
110133
103761
103815
110151
110169
103977
103995
104049
104157
11916
104382
104445
104454
104481
104553
104571
104625
104679
104724
104769
104796
104823
104832
104877
104904
104913
104940
104949
104985
105003
111519
105039
105057
106065
105084
105093
105138
105174
105354
105363
105399
110412
105426
105453
105552
111537
105570
105597
105606
105624
110448
105714
105759
105777
105795
12177
105858
105921
105948
106002
110511
106047
110520
106074
106128
106146
106173
106290
106326
106335
106470
106488
106533
106569
106650
106695
106704
110628
106740
106749
106785
106848
12348
106884
106938
107262
107298
107316
107325
107343
107379
107388
107451
107613
107658
107667
107685
107703
107829
107928
12528
107946
12537
12600
108441
108468
108495
108522
108594
108621
108630
108639
108648
108666
108711
108738
108819
108864
108900
108936
108963
10737
10746
10755
10764
10773
10782
10791
10800
10809
10818
10827
10845
10854
10863
10872
10881
10890
10899
10908
10917
10926
109233
10935
10944
10953
10971
10980
109287
10989
10998
109305
11016
11034
109341
11043
11052
11061
11070
11079
11088
11097
11106
11115
11124
11133
11142
11151
11160
11178
11187
11196
11205
11214
109521
11223
11232
11277
11286
11295
11304
11322
11331
109638
11340
11349
11358
11367
11376
11385
11394
11403
11412
11421
11430
11439
11448
11457
11466
11475
11484
11493
11502
11511
11520
11529
11538
11547
11556
11565
11574
11583
11592
11601
11610
11619
11628
11637
11646
11664
109971
11673
109980
11682
11691
109998
11700
110007
11709
11718
11727
11745
11754
11763
11772
11781
11790
11799
11808
11817
11826
11835
11844
11853
11862
11871
11880
11889
11898
11907
11925
11934
11943
11952
11961
11970
11979
11988
11997
12006
12015
12024
12033
12042
12051
12060
12069
12078
12087
12096
12105
12114
12123
12132
12141
12150
12159
12168
12186
12195
12204
12213
12222
110529
12231
12240
12249
12258
12267
12276
12285
110592
12294
12303
12312
12321
12330
12339
12357
12366
110673
12375
12384
12393
12402
12411
12420
12429
12438
110745
12447
110754
12456
12465
12474
12483
12492
12501
12510
12519
110826
110844
12546
12555
12564
12573
12582
12591
12609
110916
12618
12627
12636
12645
12654
12663
110970
12672
12681
12690
12699
111006
12708
111015
12717
111024
12726
12735
12744
12753
12762
12771
12780
12789
12798
12807
12816
12825
12834
12843
12852
12861
12870
12879
12888
12897
12906
12915
111222
12924
12933
12942
12951
12969
12978
12987
12996
13005
13014
13023
13032
13041
13050
111357
13059
13068
13077
13086
13095
13113
13122
13131
13140
13149
13158
13167
111474
13176
13194
13203
13212
13221
13230
13239
13248
111573
111582
13284
111591
111600
111618
111627
111636
111654
111663
111708
111465
111483
13185
111492
111924
111501
111960
111969
111987
111510
112014
112032
112041
112104
111528
112158
112167
112176
111546
111555
13257
111564
13266
112410
13275
106119
112482
112500
112518
13293
112536
112545
112563
13302
111609
112617
112644
112680
112689
112725
112797
111645
112887
112959
112968
112995
113076
113103
106245
113193
113544
113562
113598
113688
113778
106353
113841
113850
113859
113940
113958
113994
114003
114039
114057
114066
114111
114120
111879
114408
114426
111915
114489
114534
114543
114561
114570
117405
114714
114768
114975
114984
115011
115020
115029
115038
115047
115056
115065
115074
115083
115092
115101
115110
115119
115128
115137
115146
115245
115254
115281
112059
115326
115407
115425
115434
115668
115731
115740
115776
116055
116073
116181
116244
116280
116298
116361
116433
116505
116559
116586
116631
116640
117171
117180
117198
117297
117315
117342
117351
117360
117414
117441
117513
117648
117693
117729
117738
117747
117756
117765
117774
117783
117792
117801
117810
117819
117828
117837
117846
117855
117864
117873
117882
117891
117900
117909
117918
117927
117936
117945
117954
117963
117999
118017
118044
118071
118080
118179
118188
118224
118233
118323
118350
118359
118368
118377
118413
118422
118494
118521
118575
118584
118674
118719
118773
118800
118908
118917
119016
119070
119151
119169
119214
119250
119286
119331
119340
119394
119421
119484
119682
119691
119754
119817
112815
119844
120303
120321
120348
101979
120375
120465
120483
120528
120555
102033
120699
120708
120744
120753
120924
120933
120942
120951
120960
120969
120978
120987
120996
121005
121014
121023
121032
121041
121086
121104
121113
121239
121356
121608
121644
121716
121725
121743
121752
121815
121950
121986
122031
122058
122139
122166
102285
122220
109917
122499
122508
122553
122607
122760
122823
123012
123030
123048
11736
123156
123183
123192
123210
123273
123282
123309
123390
123399
123417
123444
123480
123561
123579
123597
123633
123651
123660
123669
123723
123777
123840
123894
123903
111114
110034
108513
12960
111204
111231
111258
103581
103617
109098
10836
109152
109215
0
accuracy:  0.0
